1 0
1 66
1 60
1 49
1 4
0 37
1 74
0 84
0 56
0 81
0 52
1 66
0 46
1 79
1 96
0 99
1 2
1 3
0 31
1 90
1 77
1 71
1 37
1 35
0 38
0 65
0 57
1 21
0 52
0 51
0 46
0 96
1 19
0 15
0 56
1 38
1 85
0 37
0 21
1 68
1 41
0 1
0 65
1 5
0 26
0 69
1 58
0 25
0 69
1 32
0 46
0 62
1 84
1 6
0 76
1 68
1 8
1 19
0 95
1 47
0 33
1 98
1 34
1 73
0 15
0 32
0 28
0 98
0 50
0 21
1 79
1 47
0 62
1 16
1 42
1 83
1 80
0 19
0 56
1 21
1 50
1 85
1 3
1 95
1 40
1 83
0 10
1 10
0 0
1 34
1 90
0 70
1 50
0 40
1 34
0 78
1 18
1 67
1 51
1 79
0 84
0 10
0 45
1 71
0 98
0 40
1 75
0 14
0 4
0 84
0 67
1 27
0 30
1 11
0 9
1 72
0 4
1 40
1 6
0 99
1 69
1 49
1 54
1 23
1 70
1 1
0 22
0 27
0 75
0 85
1 32
0 30
0 95
1 90
1 85
1 9
0 80
1 52
1 74
0 46
1 82
0 33
0 80
1 60
1 50
0 91
1 58
1 23
1 47
1 6
0 2
0 40
0 78
0 69
1 67
1 96
0 67
1 10
0 42
1 2
1 20
0 79
0 71
0 32
0 15
1 51
1 58
1 4
1 35
0 89
0 41
0 56
0 20
0 55
1 88
0 59
1 6
1 87
1 93
1 96
1 61
0 30
0 43
0 57
0 60
1 33
1 36
0 61
0 59
1 23
0 77
1 8
1 25
1 13
1 18
1 32
0 60
1 99
0 49
1 86
1 7
1 62
1 12
1 56
1 91
0 22
0 65
1 55
0 29
1 14
0 81
0 79
0 60
1 49
1 91
0 22
0 6
0 45
1 59
0 41
0 84
0 74
0 46
0 93
1 50
0 75
0 5
1 78
1 89
0 79
1 63
1 82
1 38
1 40
1 81
1 4
0 49
0 67
0 60
1 24
1 19
0 47
1 10
1 42
1 4
1 83
1 74
0 41
1 44
1 66
0 66
0 43
0 48
1 64
0 23
0 72
1 91
1 71
1 48
0 4
1 86
0 72
1 4
1 29
1 98
0 26
1 65
1 32
0 80
1 26
0 88
0 49
0 21
1 85
0 85
1 22
0 81
0 36
1 11
1 87
1 12
1 77
0 35
1 94
1 10
1 22
1 23
1 31
0 44
1 14
0 62
0 5
1 86
1 34
1 10
0 10
0 38
1 3
1 50
0 92
